0,0,12211,12211,10515,10113,12211,12211,12211,12211,11213,11014,10614,12211,12211,
0,0,10814,10814,10116,10113,12211,12211,12211,12211,11213,11014,10614,12211,12211,
0,0,12211,12211,12211,12211,12211,12211,12211,12211,11213,11014,10614,12211,12211,
0,0,12211,12211,12211,12211,12211,12211,12211,12211,11213,11014,10614,12211,12211,
0,0,12211,12211,12211,12211,12211,12211,12211,12211,11213,11014,10614,12211,12211,
0,0,12211,12211,12211,12211,12211,12211,12211,12211,11213,11014,10614,12211,12211,
0,0,12211,12211,12211,12211,12211,12211,12211,12211,11213,11014,10614,12211,12211,
0,0,11812,11812,11812,11812,11812,11812,11612,12211,11213,11014,10614,12211,12211,
0,0,0,0,0,0,0,0,11712,10914,11314,12414,12211,12211,12211,
0,0,0,0,0,0,0,0,0,11014,10614,12211,12211,12211,12211,
0,0,0,0,0,0,0,10914,11314,12414,12211,12211,12211,12211,12211,
0,0,0,0,0,0,0,11414,10714,10814,10814,10814,10814,11915,12211,
0,0,0,0,0,0,0,0,
0,0,
0,0,
0,0,
0,0,
0,0,
0,0,
0,0,
0,0,
0,0,
0,0,
0,0,
0,0,